Alpha, V, dE, Xu, Xw, Zu, Zw, Zq, Mu, Mw, Mq, Yv, Yp, Yr, Lv, Lp, Lr, Nv, Np, Nr, Xde, Yde, Zde, Lde, Mde, Nde, CXu, CXa, CZu, CLa, CLq, Cmu, Cma, Cmq, CYb, CYp, CYr, Clb, Clp, Clr, Cnb, Cnp, Cnr, CXde, CYde, CZde, Clde, Cmde, Cnde, 
34.0920, 10.33072, -30.00, -3.8629, 15.18, -32.237, -31.125, -22.624, 0.036556, -8.8746, -11.604, -3.4556, 1.8826, 3.6593, 1.2617, -12.653, 17.951, 3.6732, -12.603, -3.8103, 29.856, 1.8231e-09, -137.79, -1.8088e-09, -103.49, 6.996e-09, -0.61049, 2.399, -0.29231, 4.9189, 20.461, 0.01653, -4.013, -30.027, -0.54612, 0.19835, 0.38554, 0.066468, -0.44437, 0.63042, 0.1935, -0.44262, -0.13382, 0.45673, 2.7889e-11, -2.1078, -9.2236e-12, -4.53, 3.5675e-11, 
29.6086, 10.67641, -29.50, -30.074, 151.37, -15.06, -108.39, -128.97, 0.030678, -6.1075, -7.6907, -4.7936, -1.0893, 3.6171, 2.2847, -11.85, 16.339, 6.1539, -8.9299, -4.8306, 1927.8, 5.1465e-10, -1172.9, -4.9144e-10, -68.404, 6.7466e-09, -4.5989, 23.148, 2.1934, 16.575, 112.86, 0.013423, -2.6723, -19.256, -0.73305, -0.11106, 0.36875, 0.11646, -0.40269, 0.55524, 0.31369, -0.30346, -0.16416, 27.612, 7.3715e-12, -16.8, -2.3464e-12, -2.8033, 3.2211e-11, 
31.7942, 10.48724, -28.50, -2.8747, 13.479, -31.713, -30.91, -20.163, 0.033391, -8.3448, -10.973, -3.5137, 1.3225, 3.5311, 1.162, -12.697, 17.489, 3.8891, -11.709, -3.8343, 7.4504, -8.535e-10, -114.33, 6.5777e-10, -98.076, 1.4761e-09, -0.44754, 2.0985, -0.277, 4.8121, 17.962, 0.014874, -3.7171, -27.971, -0.54702, 0.13726, 0.36648, 0.060302, -0.43926, 0.60505, 0.20182, -0.40509, -0.13265, 0.1106, -1.267e-11, -1.6972, 3.2548e-12, -4.1657, 7.3039e-12, 
31.5623, 10.50564, -28.00, -2.7178, 11.391, -31.692, -30.159, -18.994, 0.033535, -8.6909, -11.527, -3.5045, 1.6225, 3.6709, 1.0615, -12.925, 17.42, 3.8016, -11.983, -3.9145, -17.816, 2.6315e-11, -104, 4.3929e-11, -103.06, -1.057e-09, -0.42237, 1.7703, -0.28136, 4.6869, 16.892, 0.014911, -3.8645, -29.33, -0.54463, 0.16809, 0.38033, 0.054987, -0.44636, 0.60159, 0.19693, -0.41385, -0.13519, -0.26355, 3.8927e-13, -1.5384, 2.1661e-13, -4.362, -5.2121e-12, 
28.8933, 10.74662, -27.50, -5.474, 27.418, -28.739, -39.189, -30.091, 0.032501, -6.9582, -9.0498, -4.3406, 0.47587, 4.0288, 1.603, -12.826, 16.34, 5.1505, -10.404, -4.7616, 221.36, -2.0647e-11, -213.47, -1.1369e-10, -81.037, -1.2591e-09, -0.83162, 4.1654, 0.071732, 5.9537, 26.16, 0.014128, -3.0246, -22.511, -0.65943, 0.048197, 0.40804, 0.081179, -0.43303, 0.55164, 0.26082, -0.35125, -0.16075, 3.1293, -2.9187e-13, -3.0178, -5.3576e-13, -3.2778, -5.933e-12, 
29.9833, 10.64138, -27.00, -1.6942, 8.1552, -31.459, -28.998, -15.602, 0.031175, -8.2903, -11.038, -3.301, 1.9901, 3.7228, 0.82474, -13.332, 17.087, 3.5224, -12.064, -3.9081, -65.696, 2.4583e-10, -71.766, -1.3062e-10, -98.957, -8.7883e-09, -0.25993, 1.2512, -0.3005, 4.4489, 13.698, 0.013685, -3.6393, -27.727, -0.50645, 0.20356, 0.38078, 0.042179, -0.45455, 0.58258, 0.18014, -0.4113, -0.13324, -0.94719, 3.5443e-12, -1.0347, -6.2773e-13, -4.0822, -4.2236e-11, 
31.2598, 10.52228, -26.50, -1.7536, 7.0093, -32.145, -29.71, -17.797, 0.032672, -10.738, -14.726, -2.8942, 2.3784, 3.2975, 0.40522, -13.425, 17.869, 2.9127, -12.656, -3.2716, -85.878, 1.0996e-10, -90.673, -2.5762e-10, -131.43, -1.1735e-08, -0.2721, 1.0876, -0.35855, 4.6099, 15.802, 0.014505, -4.7672, -37.412, -0.44907, 0.24603, 0.3411, 0.020958, -0.4629, 0.61614, 0.15065, -0.43638, -0.11281, -1.2664, 1.6214e-12, -1.3371, -1.2663e-12, -5.5452, -5.768e-11, 
25.0344, 11.20444, -26.00, -1.8006, 15.107, -28.583, -33.998, -17.77, 0.031135, -5.9657, -7.6014, -4.8831, 0.014166, 4.4158, 1.5958, -13.653, 15.19, 6.0917, -9.3197, -5.5685, 47.4, -1.2749e-10, -100.53, 4.5677e-11, -68.975, 7.8792e-09, -0.26237, 2.2013, -0.082424, 4.954, 14.818, 0.012981, -2.4872, -18.136, -0.71154, 0.0013762, 0.42896, 0.077513, -0.44209, 0.49185, 0.29588, -0.30178, -0.18031, 0.61644, -1.658e-12, -1.3074, 1.9801e-13, -2.5666, 3.4157e-11, 
29.5172, 10.67931, -25.50, -1.3019, 5.4483, -31.449, -29.213, -15.508, 0.030364, -9.7022, -13.329, -3.546, 2.1751, 4.095, 0.79279, -13.669, 16.848, 3.751, -12.202, -4.2902, -104.65, -6.9541e-11, -70.524, 1.9714e-10, -119.57, 6.378e-09, -0.19903, 0.83294, -0.31405, 4.4662, 13.567, 0.013282, -4.244, -33.363, -0.54211, 0.22169, 0.41737, 0.0404, -0.46437, 0.57237, 0.19115, -0.41453, -0.14575, -1.4982, -9.9552e-13, -1.0096, 9.4071e-13, -4.8977, 3.0435e-11, 
30.1438, 10.61340, -25.00, -2.009, 8.1066, -31.405, -32.192, -20.906, 0.03122, -11.746, -16.5, -3.01, 3.1022, 3.8807, 0.35577, -14.114, 17.273, 2.9787, -13.235, -3.8528, -65.912, -1.4405e-10, -119.01, -1.1977e-09, -147.5, -1.3554e-08, -0.30904, 1.247, -0.28112, 4.952, 18.404, 0.013741, -5.1698, -41.559, -0.46302, 0.31813, 0.39798, 0.018243, -0.48248, 0.59047, 0.15274, -0.45244, -0.13171, -0.95532, -2.0879e-12, -1.7249, -5.7862e-12, -6.117, -6.5482e-11, 
29.7913, 10.64336, -24.50, -2.7022, 12.181, -30.825, -35.338, -25.734, 0.03082, -12.345, -17.476, -2.7563, 3.3402, 3.7135, 0.1097, -14.322, 17.372, 2.6429, -13.438, -3.6133, -0.88228, 3.162e-10, -164.66, 4.333e-10, -156.42, -1.5261e-08, -0.4145, 1.8686, -0.20417, 5.4207, 22.59, 0.013527, -5.4183, -43.892, -0.42281, 0.34158, 0.37976, 0.0056091, -0.4882, 0.59218, 0.13513, -0.45806, -0.12317, -0.012716, 4.5571e-12, -2.3732, 2.0816e-12, -6.4503, -7.3316e-11, 
28.2876, 10.79665, -24.00, -1.6665, 6.8424, -30.591, -31.803, -18.615, 0.033017, -10.598, -14.873, -3.3372, 2.436, 4.0512, 0.47655, -14.083, 16.717, 3.4815, -12.281, -4.1973, -77.26, 6.0917e-10, -100.45, 1.8112e-11, -133.96, -7.3526e-10, -0.252, 1.0347, -0.22914, 4.8092, 16.109, 0.014285, -4.5852, -36.825, -0.50464, 0.24557, 0.40841, 0.024021, -0.47325, 0.56177, 0.17549, -0.41269, -0.14105, -1.0821, 8.532e-12, -1.407, 8.4559e-14, -5.3683, -3.4327e-12, 
27.5937, 10.87419, -23.50, -1.8038, 7.6233, -30.133, -32.711, -19.459, 0.032125, -10.484, -14.736, -3.6516, 2.0988, 4.228, 0.52859, -14.11, 16.515, 3.8431, -11.868, -4.4338, -63.104, 1.8131e-10, -108.57, -1.2461e-09, -133.32, -2.5674e-09, -0.27083, 1.1446, -0.1899, 4.9113, 16.719, 0.0138, -4.5038, -36.225, -0.54826, 0.21007, 0.42319, 0.026454, -0.47077, 0.55102, 0.19233, -0.39598, -0.14793, -0.87127, 2.5033e-12, -1.499, -5.735e-12, -5.2667, -1.1816e-11, 
26.9992, 10.94095, -23.00, -1.6585, 18.553, -29.888, -33.326, -19.741, 0.03071, -10.724, -15.043, -3.3515, 2.4072, 4.1166, 0.34452, -14.328, 16.46, 3.475, 2.0892, -4.2884, -38.428, 9.4078e-11, -111.56, -1.0454e-10, -134.85, 5.5186e-08, -0.24749, 2.7686, -0.17839, 4.973, 16.857, 0.013112, -4.5787, -36.754, -0.50013, 0.23948, 0.40953, 0.017137, -0.47513, 0.54585, 0.17285, 0.069278, -0.14221, -0.52412, 1.2831e-12, -1.5215, -4.7526e-13, -5.2625, 2.5089e-10, 
26.5886, 10.98909, -22.50, -2.0435, 13.044, -29.472, -36.552, -24.275, 0.030194, -10.817, -15.375, -3.2558, 2.5783, 4.1224, 0.21431, -14.515, 16.419, 3.327, -12.205, -4.2293, 14.105, 2.4323e-11, -154.18, 8.5551e-10, -139.91, 8.4898e-08, -0.3036, 1.9379, -0.13458, 5.4306, 20.638, 0.012835, -4.5983, -37.402, -0.48372, 0.25537, 0.40831, 0.010613, -0.47923, 0.54207, 0.16476, -0.40296, -0.13963, 0.19069, 3.2884e-13, -2.0845, 3.8554e-12, -5.4121, 3.826e-10, 
26.9193, 10.94152, -22.00, -6.9494, 75.586, -27.167, -69.964, -76.508, 0.030001, -12.789, -18.526, -2.3993, 3.5814, 3.6037, -0.43588, -15.023, 16.976, 2.1244, -13.373, -3.3969, 915.16, 4.1161e-10, -639.2, -6.0743e-11, -168.23, 8.2108e-08, -1.037, 11.279, 0.22742, 10.44, 65.329, 0.012809, -5.4603, -45.263, -0.35802, 0.35627, 0.35849, -0.02168, -0.49814, 0.5629, 0.10567, -0.44344, -0.11264, 12.481, 5.6134e-12, -8.7172, -2.7613e-13, -6.5642, 3.7325e-10, 
28.8541, 10.71200, -21.00, -37.691, 1938.8, -11.1, -1135.9, -1710.8, 0.027164, -52.05, -78.701, 12.387, 7.4719, -11.068, -11.895, -17.427, 28.942, -15.713, -17.897, 14.392, 26030, -1.5898e-07, -15056, 1.1902e-07, -707.46, 1.5905e-07, -5.7446, 295.49, 2.7747, 173.13, 1492.1, 0.011846, -22.698, -196.4, 1.888, 0.75921, -1.1246, -0.60434, -0.59025, 0.98024, -0.79831, -0.60616, 0.48744, 370.36, -2.262e-09, -214.22, 5.6447e-10, -28.801, 7.5434e-10, 
22.4319, 11.59500, -20.50, -4.4753, 31.299, -26.178, -44.866, -33.507, 0.025154, -8.5781, -12.06, -4.6799, 1.1565, 5.2116, 0.90597, -14.894, 14.702, 5.5263, -9.9373, -6.0739, 323.9, -1.9346e-11, -251.12, -1.3529e-09, -112.69, -2.4617e-08, -0.63015, 4.4072, 0.12611, 6.3175, 26.998, 0.010134, -3.4559, -27.804, -0.65896, 0.10856, 0.48922, 0.042522, -0.46603, 0.46003, 0.25938, -0.31094, -0.19006, 3.9334, -2.3493e-13, -3.0496, -5.4762e-12, -3.9157, -9.9648e-11, 
22.4580, 11.59227, -20.00, -1.5788, 8.3069, -27.388, -36.152, -19.677, 0.02521, -9.3143, -13.243, -4.7365, 1.3561, 5.32, 0.73718, -15.023, 14.837, 5.4298, -10.197, -6.0475, -34.575, 9.6655e-11, -115.61, 8.9371e-10, -124.29, -2.7444e-08, -0.22236, 1.1699, -0.04342, 5.0916, 15.859, 0.010159, -3.7534, -30.539, -0.66709, 0.12733, 0.49951, 0.034608, -0.47017, 0.46435, 0.25491, -0.31914, -0.18927, -0.42007, 1.1743e-12, -1.4046, 3.6194e-12, -4.3207, -1.1114e-10, 
23.2094, 11.46417, -19.50, -1.9911, 10.022, -27.645, -38.473, -24.372, 0.025628, -11.549, -16.782, -4.5455, 1.6214, 5.1805, 0.31287, -15.013, 15.431, 4.9906, -10.651, -5.6662, -5.6985, 1.6031e-11, -161.18, 1.1132e-09, -157.58, -4.4022e-08, -0.28356, 1.4272, -0.037363, 5.479, 19.862, 0.010443, -4.7059, -39.133, -0.64734, 0.15394, 0.49184, 0.014852, -0.47511, 0.48834, 0.23691, -0.33706, -0.17932, -0.070789, 1.9914e-13, -2.0022, 4.6095e-12, -5.6011, -1.8229e-10, 
22.3283, 11.60962, -19.00, -1.8749, 8.7802, -27.216, -38.107, -22.911, 0.024756, -11.021, -16.045, -4.0714, 1.8583, 4.8821, 0.14297, -15.328, 15.29, 4.4055, -10.856, -5.2828, -19.397, 9.9763e-12, -147.72, -1.4452e-09, -151.51, 1.8771e-08, -0.26367, 1.2348, -0.02487, 5.359, 18.438, 0.0099613, -4.4346, -36.944, -0.57255, 0.17422, 0.45772, 0.0067021, -0.47901, 0.47783, 0.20651, -0.33925, -0.16509, -0.23496, 1.2084e-13, -1.7893, -5.8354e-12, -5.2513, 7.5793e-11, 
18.7231, 12.35240, -18.50, -9.8136, 66.114, -22.399, -57.675, -49.474, 0.020116, -7.5269, -10.443, -6.9942, 0.24211, 7.2425, 1.4602, -15.935, 13.088, 8.6762, -8.4115, -8.9775, 986.49, -1.3945e-10, -443.69, 5.6976e-10, -101.58, 1.7155e-08, -1.2971, 8.7385, 0.39852, 7.6231, 37.42, 0.0076076, -2.8465, -22.6, -0.92445, 0.021333, 0.63817, 0.064335, -0.46803, 0.38442, 0.38225, -0.24706, -0.26368, 10.556, -1.4922e-12, -4.7475, 2.0322e-12, -3.11, 6.1188e-11, 
20.5884, 11.93219, -18.00, -1.3746, 6.9328, -26.418, -38.137, -20.724, 0.022314, -10.21, -14.85, -4.2935, 1.8019, 5.2162, 0.23672, -15.803, 14.666, 4.7613, -10.488, -5.7615, -48.233, 7.3009e-11, -127.75, 1.0017e-10, -142.57, 6.2685e-08, -0.18808, 0.9486, -0.014979, 5.2182, 16.227, 0.0087358, -3.9973, -33.268, -0.58747, 0.16437, 0.47582, 0.010797, -0.4805, 0.44594, 0.21716, -0.3189, -0.17519, -0.55309, 8.3721e-13, -1.4649, 3.8287e-13, -4.6777, 2.3961e-10, 
20.4029, 11.96860, -17.50, -0.95031, 4.9063, -26.47, -38.314, -20.584, 0.021968, -10.966, -16.119, -5.166, 1.3594, 5.9215, 0.38913, -15.805, 14.488, 5.879, -9.9754, -6.7095, -86.999, -7.306e-11, -126.31, -4.9e-10, -155.41, 6.144e-08, -0.12963, 0.66927, -0.032926, 5.2264, 16.068, 0.0085744, -4.2803, -36.001, -0.7047, 0.12363, 0.53851, 0.017694, -0.47912, 0.4392, 0.26732, -0.30239, -0.20339, -0.99157, -8.327e-13, -1.4396, -1.8616e-12, -5.0679, 2.3342e-10, 
19.5793, 12.14384, -17.00, -1.6788, 10.998, -25.707, -40.876, -23.883, 0.020713, -10.437, -15.19, -6.3719, 1.3666, 7.5067, 0.84178, -16.125, 13.553, 7.3736, -9.8213, -8.7111, 19.554, -5.6693e-10, -161.12, 9.2471e-10, -149.41, -1.2081e-09, -0.22571, 1.4786, 0.019207, 5.4955, 18.374, 0.0079678, -4.0147, -33.437, -0.85666, 0.12249, 0.67281, 0.037724, -0.48175, 0.40491, 0.33044, -0.29342, -0.26026, 0.21648, -6.2764e-12, -1.7838, 3.4124e-12, -4.7327, -4.4582e-12, 
18.6021, 12.36611, -16.50, -31.543, -73.617, -22.569, -11.121, 28.628, -7.1744, -8.0497, -14.993, -5.9818, 1.7409, 8.3495, 0.30125, -16.387, 14.357, 5.9785, -10.39, -8.565, -95016, 3.8587e-09, -14511, -1.4453e-10, -44578, 6.2979e-06, -4.1644, -9.7194, 0.37188, 1.4682, -21.629, -2.7102, -3.0408, -32.411, -0.78976, 0.15323, 0.73491, 0.013258, -0.48077, 0.42122, 0.2631, -0.30483, -0.25129, -1014.4, 4.1197e-11, -154.93, -5.1437e-13, -1361.8, 2.2413e-08, 
18.7275, 12.32873, -16.00, -0.81179, 4.1945, -25.525, -40.136, -21.398, 0.019613, -11.406, -16.968, -4.8021, 1.8398, 5.8524, 0.04689, -16.553, 14.253, 5.3261, -10.176, -6.479, -95.971, -8.6779e-10, -136.58, 2.1204e-09, -167.61, 3.1078e-08, -0.1075, 0.55547, -0.0082485, 5.3151, 16.216, 0.0074315, -4.3218, -36.792, -0.63593, 0.16242, 0.51668, 0.0020698, -0.48712, 0.41944, 0.23511, -0.29946, -0.19066, -1.0309, -9.3212e-12, -1.467, 7.5921e-12, -5.1511, 1.1127e-10, 
16.8713, 12.79744, -15.00, -6.6946, 55.275, -22.59, -56.921, -47.375, 0.017399, -10.597, -15.599, -5.3943, 0.87183, 6.1987, 0.089784, -16.935, 13.744, 6.2951, -8.7218, -7.1729, 841.48, 2.9976e-09, -415.39, -2.4541e-09, -158.68, 9.1707e-08, -0.85407, 7.0518, 0.24754, 7.2618, 34.586, 0.0063509, -3.8682, -32.584, -0.68818, 0.07415, 0.52721, 0.0038181, -0.48013, 0.38965, 0.2677, -0.24726, -0.20335, 8.3887, 2.9883e-11, -4.141, -8.155e-12, -4.5259, 3.0474e-10, 
17.0934, 12.72825, -14.50, -2.8924, 23.183, -23.893, -48.504, -33.441, 0.017586, -12.278, -18.456, -3.7915, 1.661, 4.833, -0.64266, -17.117, 14.488, 4.0399, -9.7967, -5.166, 255.67, 8.0231e-11, -264.3, 1.5443e-09, -187.68, 1.1504e-07, -0.37101, 2.9737, 0.098802, 6.2216, 24.546, 0.0064542, -4.5061, -38.762, -0.48634, 0.14204, 0.41328, -0.027478, -0.4879, 0.41298, 0.17273, -0.27925, -0.14725, 2.5766, 8.0853e-13, -2.6635, 5.1875e-12, -5.4115, 3.8645e-10, 
16.5369, 12.88406, -14.00, -1.6083, 9.5732, -23.952, -45.087, -26.808, 0.018261, -12.419, -18.74, -4.7546, 1.6116, 5.8914, -0.42083, -17.39, 14.053, 5.2203, -9.6038, -6.4671, 22.633, 1.203e-10, -198.03, 2.37e-09, -192.73, 1.0886e-07, -0.20381, 1.2131, 0.052362, 5.7133, 19.44, 0.006621, -4.5029, -38.882, -0.6025, 0.13615, 0.4977, -0.017776, -0.4897, 0.39572, 0.2205, -0.27044, -0.18211, 0.2226, 1.1832e-12, -1.9477, 7.7699e-12, -5.4238, 3.569e-10, 
16.1233, 12.99989, -13.50, -2.0442, 11.62, -23.583, -46.703, -29.145, 0.017714, -13.029, -19.803, -4.2443, 1.8387, 5.4661, -0.69796, -17.656, 14.188, 4.5069, -10.002, -5.8459, 78.169, -2.0456e-11, -224.91, -1.138e-09, -205.48, 7.4539e-08, -0.25673, 1.4594, 0.070901, 5.8654, 20.946, 0.0063652, -4.6818, -40.722, -0.53304, 0.15395, 0.45765, -0.029219, -0.49275, 0.39598, 0.18868, -0.27915, -0.16315, 0.75518, -1.9762e-13, -2.1728, -3.6646e-12, -5.6797, 2.4004e-10, 
15.5675, 13.16495, -13.00, -2.1737, 12.37, -23.211, -47.793, -30.169, 0.016941, -13.324, -20.334, -4.3094, 1.8266, 5.5698, -0.78301, -17.925, 14.097, 4.5781, -9.9742, -5.961, 104.93, -3.1194e-10, -238.56, 2.5133e-09, -213.42, 1.2225e-08, -0.26958, 1.5341, 0.078634, 5.9271, 21.41, 0.0060114, -4.7279, -41.288, -0.53443, 0.15102, 0.46049, -0.032369, -0.494, 0.38851, 0.18925, -0.27488, -0.16428, 0.98844, -2.9385e-12, -2.2473, 7.8919e-12, -5.7523, 3.8388e-11, 
14.4142, 13.54499, -12.50, -0.86942, 3.7441, -22.826, -45.832, -24.25, 0.015378, -12.111, -18.313, -5.0981, 1.525, 6.3976, -0.48128, -18.394, 13.424, 5.6728, -9.4043, -7.1, -75.541, 1.0445e-09, -175.1, -1.5204e-09, -196.25, -1.9558e-08, -0.1048, 0.4513, 0.042149, 5.5243, 16.727, 0.0053037, -4.1769, -36.143, -0.6145, 0.12255, 0.5141, -0.019337, -0.49269, 0.35958, 0.22793, -0.2519, -0.19018, -0.67224, 9.2948e-12, -1.5582, -4.5101e-12, -4.9969, -5.8016e-11, 
14.3792, 13.54836, -12.00, -2.7292, 15.291, -22.344, -50.172, -32.542, 0.015422, -13.745, -21.123, -4.5304, 1.7703, 5.8696, -0.88707, -18.532, 13.82, 4.8635, -9.5772, -6.3123, 186.36, -1.0492e-10, -268.9, 8.2492e-10, -227.26, -2.0545e-08, -0.32888, 1.8427, 0.099534, 6.046, 22.44, 0.0053173, -4.7391, -41.678, -0.54594, 0.14222, 0.47155, -0.035632, -0.49627, 0.3701, 0.19536, -0.25647, -0.16904, 1.6576, -9.3321e-13, -2.3917, 2.4457e-12, -5.7835, -6.0912e-11, 
13.3985, 13.90369, -11.50, -2.0472, 9.6947, -21.903, -49.343, -28.928, 0.014428, -12.92, -19.76, -4.7015, 1.5852, 6.0637, -0.78573, -18.994, 13.408, 5.1965, -9.3079, -6.6626, 84.56, -4.8879e-10, -231.77, 9.1801e-10, -216.79, 2.4066e-08, -0.24039, 1.1384, 0.079339, 5.7941, 19.439, 0.0048474, -4.341, -37.991, -0.55207, 0.12409, 0.47469, -0.030755, -0.49563, 0.34987, 0.2034, -0.24289, -0.17386, 0.71416, -4.1281e-12, -1.9575, 2.5844e-12, -5.2388, 6.7752e-11, 
13.3516, 13.93260, -11.00, -0.8867, 2.5652, -22.125, -50.033, -29.119, 0.014321, -14.871, -22.835, -6.8409, 1.164, 8.1487, -1.0108, -18.986, 13.66, 7.2067, -9.038, -8.617, -79.054, 3.1259e-10, -235.73, -7.2332e-10, -255.04, 4.6869e-08, -0.10391, 0.3006, 0.047576, 5.8629, 19.526, 0.0048016, -4.986, -43.812, -0.80163, 0.090931, 0.63659, -0.039483, -0.4944, 0.35571, 0.2815, -0.23535, -0.22439, -0.66489, 2.6291e-12, -1.9827, -2.0279e-12, -6.1376, 1.314e-10, 
11.9975, 14.48302, -10.50, -0.79261, 2.4464, -21.25, -49.907, -26.142, 0.012857, -12.859, -19.598, -5.8299, 1.1755, 7.2317, -0.78717, -19.777, 12.959, 6.5237, -8.3064, -8.0464, -78.913, 7.2512e-12, -203.93, 8.4495e-10, -223.58, -7.2854e-08, -0.08935, 0.27578, 0.047919, 5.6259, 16.864, 0.0041469, -4.1477, -36.173, -0.6572, 0.08834, 0.54348, -0.029579, -0.49544, 0.32464, 0.24514, -0.20808, -0.20157, -0.61422, 5.644e-14, -1.5873, 2.1922e-12, -4.9793, -1.8902e-10, 
11.4881, 14.71030, -10.00, -1.1706, 5.0059, -20.819, -51.526, -27.965, 0.011975, -13.322, -20.396, -5.9527, 1.2467, 7.4447, -0.89698, -20.154, 12.892, 6.6828, -8.288, -8.3161, -21.66, 3.103e-10, -227.67, 4.3689e-10, -236.19, -1.2832e-08, -0.12992, 0.55559, 0.057855, 5.7187, 17.761, 0.0038029, -4.2304, -37.065, -0.66068, 0.092243, 0.55084, -0.033185, -0.49706, 0.31796, 0.24724, -0.20441, -0.20511, -0.16342, 2.3411e-12, -1.7177, 1.0988e-12, -5.0987, -3.2271e-11, 
13.8850, 13.67259, -9.50, -50.695, 1689.9, -10.249, -465.36, -771.33, 0.014091, -34.373, -56.8, -1.2833, 12.226, 4.6166, -2.5087, -22.788, 14.645, -0.1588, -23.993, -3.6347, 31158, 1.7986e-07, -8262, -7.4483e-08, -622.05, -1.2229e-07, -6.0536, 201.79, 1.5179, 55.569, 527.06, 0.0048143, -11.744, -111.05, -0.15324, 0.97327, 0.36751, -0.099855, -0.60469, 0.3886, -0.0063207, -0.63666, -0.09645, 272.12, 1.5708e-09, -72.157, -2.1684e-10, -15.544, -3.5601e-10, 
9.8213, 15.57175, -9.00, -2.1418, 23.069, -19.445, -56.794, -32.414, 0.009533, -12.578, -19.105, -8.5764, 0.7071, 10.326, -0.4703, -21.362, 11.833, 10.191, -7.2087, -12.192, 346.39, -3.2714e-10, -291.09, 1.606e-11, -232.13, 1.4883e-07, -0.22456, 2.4187, 0.07491, 5.9547, 19.448, 0.0028598, -3.7732, -32.797, -0.89921, 0.049425, 0.72175, -0.016437, -0.49772, 0.27569, 0.35618, -0.16796, -0.28406, 2.3323, -2.2027e-12, -1.9599, 3.6045e-14, -4.4719, 3.3403e-10, 
9.3163, 15.86525, -8.50, -1.4552, 15.734, -19.196, -56.861, -31.043, 0.0086266, -13.094, -19.959, -8.3186, 0.67763, 10.088, -0.73061, -21.806, 11.937, 9.7917, -7.0667, -11.806, 196.6, 3.283e-11, -277.61, -1.0894e-09, -247.25, 1.599e-07, -0.14975, 1.6191, 0.060781, 5.8514, 18.281, 0.00254, -3.8555, -33.63, -0.85604, 0.046489, 0.6921, -0.025062, -0.49868, 0.27297, 0.33588, -0.1616, -0.26999, 1.2752, 2.1295e-13, -1.8007, -2.3555e-12, -4.5887, 3.4571e-10, 
9.0008, 16.05136, -8.00, -0.75162, 4.4183, -19.083, -56.596, -29.79, 0.0080353, -14.261, -21.925, -6.5334, 0.75845, 8.127, -1.3404, -22.113, 12.509, 7.3261, -7.0754, -9.074, -47.939, 4.9465e-10, -262.38, -6.3807e-10, -275.71, -4.2056e-08, -0.076451, 0.44941, 0.048246, 5.7566, 17.339, 0.0023385, -4.1504, -36.513, -0.66454, 0.05143, 0.55109, -0.045447, -0.49982, 0.28274, 0.24839, -0.15993, -0.2051, -0.30378, 3.1345e-12, -1.6626, -1.3478e-12, -4.9989, -8.8833e-11, 
8.3920, 16.44690, -7.50, -0.67885, 4.8266, -18.627, -58.166, -30.541, 0.0069223, -14.549, -22.425, -7.1063, 0.75954, 8.8471, -1.3639, -22.722, 12.299, 8.0937, -6.9425, -10.033, -40.915, 7.8624e-12, -275.67, -1.0193e-10, -288.42, 9.2325e-08, -0.067388, 0.47913, 0.045631, 5.774, 17.349, 0.0019661, -4.1325, -36.448, -0.70543, 0.050265, 0.58549, -0.045131, -0.50124, 0.27131, 0.26781, -0.15315, -0.22133, -0.24695, 4.7455e-14, -1.6639, -2.0506e-13, -4.9808, 1.8575e-10, 
7.8718, 16.81165, -7.00, -0.81926, 5.3139, -18.2, -59.969, -31.978, 0.0059305, -15.188, -23.488, -6.8247, 0.84752, 8.601, -1.6044, -23.294, 12.364, 7.6116, -6.9415, -9.5781, -14.674, -1.3221e-11, -299.11, 1.5371e-09, -309.14, 1.6395e-08, -0.079562, 0.51606, 0.045952, 5.8238, 17.771, 0.0016479, -4.2203, -37.348, -0.66278, 0.054871, 0.55685, -0.051937, -0.5027, 0.26684, 0.2464, -0.1498, -0.20671, -0.084764, -7.6375e-14, -1.7278, 2.9598e-12, -5.1096, 3.1568e-11, 
5.6853, 18.79826, -6.50, -43.609, 477.89, -12.082, -110.45, -110.59, 0.0024412, -11.9, -17.461, -12.45, -1.5089, 14.35, -0.90218, -25.828, 10.799, 15.6, -3.4312, -17.911, 12063, -2.7914e-09, -1462.9, 2.4113e-09, -250.87, -5.4951e-08, -3.7875, 41.505, 0.40102, 9.5925, 54.963, 0.00060663, -2.9571, -24.83, -1.0813, -0.087367, 0.8309, -0.026119, -0.49848, 0.20842, 0.45162, -0.066224, -0.34568, 55.732, -1.2897e-11, -6.7588, 3.7136e-12, -3.3163, -8.4628e-11, 
6.9541, 17.52254, -6.00, -2.1607, 26.038, -17.314, -66.473, -40.03, 0.004382, -17.24, -27.013, -6.6552, 1.0022, 8.5335, -2.1446, -24.443, 12.617, 7.2221, -6.9383, -9.2767, 528.34, -8.6862e-10, -421, -1.404e-09, -371.41, 1.3264e-07, -0.20133, 2.4261, 0.056059, 6.1936, 21.343, 0.0011682, -4.5962, -41.211, -0.62009, 0.062251, 0.53007, -0.066607, -0.50611, 0.26123, 0.22431, -0.14366, -0.19208, 2.8094, -4.6188e-12, -2.2386, -2.4886e-12, -5.6507, 2.351e-10, 
5.8807, 18.52427, -5.50, -0.67966, 4.3526, -16.586, -65.64, -33.722, 0.0023949, -15.812, -24.472, -7.6389, 0.79371, 9.722, -1.7957, -25.838, 11.785, 8.6309, -6.4092, -10.974, -26.134, -7.1433e-11, -340.28, 2.216e-09, -352.62, 8.8297e-08, -0.059902, 0.38362, 0.031785, 5.7853, 17.008, 0.00060394, -3.9874, -35.314, -0.67326, 0.046636, 0.57124, -0.052755, -0.50605, 0.23082, 0.25356, -0.12553, -0.21494, -0.12434, -3.3987e-13, -1.619, 3.5145e-12, -4.8004, 1.4004e-10, 
5.5068, 18.92326, -5.00, -0.91334, 6.1073, -16.259, -68.344, -36.642, 0.0016774, -17.294, -26.995, -8.4271, 0.80377, 10.686, -2.132, -26.475, 12.026, 9.5046, -6.3486, -12.049, 41.719, -1.9075e-10, -389.19, 5.0227e-10, -398.75, -8.4025e-08, -0.078801, 0.52692, 0.028447, 5.8965, 18.091, 0.00041407, -4.2693, -38.135, -0.72707, 0.046232, 0.61465, -0.061315, -0.50761, 0.23056, 0.27334, -0.12172, -0.231, 0.19021, -8.6968e-13, -1.7745, 7.6333e-13, -5.2018, -1.277e-10, 
5.2328, 19.22308, -4.50, -3.424, 39.321, -15.811, -74.23, -46.146, 0.0013879, -19.58, -30.958, -7.6215, 1.4881, 9.9257, -2.6536, -27.075, 12.502, 8.1684, -7.1619, -10.711, 1086.4, -1.661e-09, -543.57, 1.0744e-09, -467.39, -1.275e-07, -0.29081, 3.3396, 0.044136, 6.3045, 22.428, 0.00033727, -4.758, -43.051, -0.64731, 0.084259, 0.562, -0.075124, -0.511, 0.23596, 0.23125, -0.13517, -0.20216, 4.7999, -7.3386e-12, -2.4016, 1.5824e-12, -5.9085, -1.8777e-10, 
4.3096, 20.37919, -4.00, -0.56332, 3.9839, -15.21, -73.945, -39.392, -0.00081416, -18.799, -29.363, -9.4237, 0.30195, 11.839, -2.6744, -28.587, 12.161, 10.561, -5.3971, -13.264, -30.965, 2.1605e-11, -451.41, -7.3083e-10, -467.63, 2.1503e-08, -0.04513, 0.31916, 0.015557, 5.924, 18.059, -0.00018662, -4.3092, -38.516, -0.75497, 0.016127, 0.63233, -0.07142, -0.50894, 0.2165, 0.28204, -0.096085, -0.23615, -0.12173, 8.4931e-14, -1.7746, -9.5767e-13, -5.2598, 2.8177e-11, 
3.6748, 21.27782, -3.50, -0.56909, 4.6758, -14.592, -77.204, -40.945, -0.0021802, -19.466, -30.445, -10.506, 0.045484, 13.161, -2.8491, -29.899, 12.081, 12.067, -4.8536, -15.096, -4.7172, 2.575e-13, -488.54, -5.0645e-10, -505.14, -2.6677e-08, -0.043666, 0.35877, 0.012382, 5.9239, 17.978, -0.00047866, -4.2736, -38.249, -0.80615, 0.0023267, 0.67324, -0.072871, -0.50981, 0.206, 0.30864, -0.082759, -0.2574, -0.017011, 9.2857e-16, -1.7617, -6.0878e-13, -5.212, -3.2066e-11, 
2.9817, 22.41978, -3.00, -0.6822, 5.3473, -13.877, -80.96, -42.278, -0.0039578, -19.88, -31.011, -9.3228, 0.18468, 11.831, -3.0441, -31.566, 11.976, 10.32, -4.8038, -13.104, 36.616, -2.8645e-12, -527.11, 3.8029e-10, -541.47, 3.0089e-08, -0.049679, 0.3894, 0.0091187, 5.8957, 17.618, -0.00082465, -4.1422, -36.976, -0.67891, 0.0089659, 0.57439, -0.073893, -0.51082, 0.1938, 0.25052, -0.077739, -0.21205, 0.11893, -9.3044e-15, -1.7121, 4.1174e-13, -5.0322, 3.2578e-11, 
2.3583, 23.60304, -2.50, -0.62738, 5.0491, -13.202, -85.18, -44.219, -0.0056746, -20.78, -32.432, -9.7463, 0.15165, 12.399, -3.2812, -33.302, 11.942, 10.738, -4.5253, -13.662, 22.992, -1.1274e-11, -578.57, -9.6132e-10, -595.73, -1.7189e-08, -0.043397, 0.34925, 0.0067587, 5.892, 17.503, -0.0011231, -4.1127, -36.731, -0.67416, 0.0069933, 0.57175, -0.075655, -0.51189, 0.18356, 0.24758, -0.06956, -0.21001, 0.067382, -3.3038e-14, -1.6956, -9.3908e-13, -4.9953, -1.6792e-11, 
1.7833, 24.88124, -2.00, -0.49125, 3.8796, -12.546, -90.117, -46.973, -0.0072313, -22.17, -34.664, -11.107, -0.1881, 14.049, -3.6723, -35.178, 12.108, 12.41, -3.8954, -15.689, -31.13, 1.1585e-11, -650.45, 2.5272e-09, -671.58, 2.728e-08, -0.032235, 0.25457, 0.0046344, 5.9133, 17.638, -0.0013577, -4.1624, -37.243, -0.72883, -0.0082285, 0.61456, -0.080324, -0.51295, 0.17656, 0.27145, -0.056802, -0.22878, -0.082096, 3.0551e-14, -1.7154, 2.2216e-12, -5.0675, 2.3982e-11, 
1.0219, 26.94816, -1.50, -0.4517, 3.4489, -11.608, -96.45, -48.71, -0.0096758, -22.623, -35.218, -11.219, -0.25954, 14.267, -3.7418, -38.139, 11.767, 12.498, -3.6587, -15.895, -44.517, 4.189e-12, -714.75, -1.5306e-09, -735.73, 4.078e-07, -0.027366, 0.20895, 0.0024873, 5.8434, 16.887, -0.0016773, -3.9216, -34.935, -0.67971, -0.010483, 0.57626, -0.075566, -0.51347, 0.15843, 0.25241, -0.049258, -0.214, -0.10008, 9.4177e-15, -1.6069, -1.147e-12, -4.7327, 3.0561e-10, 
0.4761, 28.79817, -1.00, -0.3527, 3.1798, -10.882, -103.74, -53.033, -0.012427, -24.684, -38.486, -11.614, -0.37992, 14.771, -4.2824, -40.858, 12.091, 12.555, -3.4272, -15.986, -85.027, 1.6699e-11, -840.82, -9.598e-10, -861.73, -5.0878e-08, -0.019996, 0.18027, 0.0010818, 5.8816, 17.205, -0.0020158, -4.004, -35.725, -0.65844, -0.014359, 0.55828, -0.080927, -0.51474, 0.15232, 0.23726, -0.043178, -0.2014, -0.16739, 3.2874e-14, -1.6553, -6.2983e-13, -4.8539, -3.3387e-11, 
0.2622, 29.79591, -0.50, -3.6232, 93.31, -10.51, -113.78, -65.439, -0.01336, -30.116, -47.362, -18.334, -1.9136, 22.639, -6.587, -42.816, 14.661, 19.052, -1.9697, -23.666, 4208.8, 3.4944e-10, -1178.7, 2.0078e-09, -1119.7, -3.9137e-07, -0.19853, 5.1129, 0.0014125, 6.2346, 20.519, -0.0020947, -4.7215, -42.492, -1.0046, -0.069905, 0.82699, -0.12031, -0.52135, 0.17852, 0.34799, -0.023985, -0.28817, 7.74, 6.4262e-13, -2.1677, 1.2308e-12, -5.8914, -2.3991e-10, 
-0.4695, 33.11901, 0.00, -0.52473, 3.1621, -9.5006, -120.04, -63.882, -0.017376, -29.12, -47.46, -15.552, -3.9339, 19.853, -5.9769, -51.063, 13.805, 17.251, 1.0018, -22.035, -29.528, 3.0118e-11, -1197.1, 4.3765e-10, -1232.8, 5.0518e-08, -0.025868, 0.15588, -0.0010874, 5.9174, 18.021, -0.0024509, -4.1073, -38.307, -0.76667, -0.12928, 0.65245, -0.098214, -0.55938, 0.15123, 0.28347, 0.010975, -0.24139, -0.043952, 4.483e-14, -1.7818, 2.1714e-13, -5.2505, 2.5065e-11, 
-1.3533, 39.67729, 0.50, -0.50941, 2.6919, -7.9827, -142.83, -72.67, -0.023329, -33.704, -52.714, -16.64, -1.4911, 21.154, -6.245, -56.712, 13.304, 18.306, -1.4476, -23.291, -61.682, 1.033e-11, -1581.8, -1.4862e-09, -1624, -6.2727e-08, -0.020961, 0.11077, -0.0029166, 5.8771, 17.112, -0.0027466, -3.9681, -35.515, -0.68473, -0.040905, 0.58029, -0.085657, -0.51858, 0.12166, 0.25109, -0.013237, -0.21298, -0.063969, 1.0713e-14, -1.6404, -5.1377e-13, -4.8189, -2.1684e-11, 
-1.9874, 47.82272, 1.00, -0.59288, 2.812, -6.6854, -171.74, -86.798, -0.031283, -40.117, -62.673, -19.639, -1.8803, 24.977, -7.4802, -68.44, 14.385, 21.535, -0.75333, -27.421, -67.665, -2.3209e-11, -2266, -3.2399e-09, -2325, -1.1403e-07, -0.020241, 0.095999, -0.0041358, 5.8633, 16.957, -0.0030558, -3.9187, -35.033, -0.67047, -0.042796, 0.56847, -0.085124, -0.51923, 0.10913, 0.24506, -0.0057152, -0.20803, -0.048305, -1.6568e-14, -1.6177, -7.7097e-13, -4.749, -2.7134e-11, 
-2.6084, 64.08895, 1.50, -0.78083, 3.2663, -5.105, -229.79, -115.67, -0.04304, -53.325, -83.279, -25.959, -2.8145, 33.023, -10.065, -91.915, 17.237, 28.381, 0.57801, -36.167, -66.521, 2.7865e-11, -4034.4, -3.052e-09, -4138.6, -3.3509e-07, -0.019892, 0.083209, -0.005269, 5.8537, 16.862, -0.0031371, -3.8868, -34.736, -0.66131, -0.047799, 0.56084, -0.085468, -0.52033, 0.097581, 0.241, 0.0032722, -0.20474, -0.026441, 1.1076e-14, -1.6036, -4.0439e-13, -4.7068, -4.4399e-11, 
-3.2238, 139.84362, 2.00, -1.8416, 4.5515, -2.8045, -500.74, -251.36, -0.1047, -115.69, -180.61, -56.057, -6.8249, 71.307, -22.151, -200.96, 33.316, 61.113, 3.9579, -77.821, -51.145, 6.9283e-11, -19085, 3.966e-08, -19581, -2.2569e-10, -0.021501, 0.053138, -0.0065346, 5.846, 16.793, -0.0034973, -3.8645, -34.525, -0.65445, -0.05312, 0.555, -0.086201, -0.52138, 0.086435, 0.23783, 0.010268, -0.2019, -0.0042699, 5.7841e-15, -1.5933, 1.1037e-12, -4.6773, -6.2805e-15, 
